//Copyright (C) 2010-2020 Primarius Technologies Co., Ltd.
// All rights reserved.

ObjInfo{DataType=NMOS,GroupNo=5,DrainPadNo=0,GatePadNo=5,SourcePadNo=0,SubstratePadNo=0}
ProbeInfo{}
Version{3.21}
ModelType{AC}
DataType{NMOS}
Delimiter{,}
WorkingMode{Forward}
Instance{W=4.,L=0.8,T=25.}
Parameter{Tox=0}
Node{D|0|0.000000,G|0|0.000000,S|0|0.000000,B|0|0.000000}
MeasurementSetup{NMOS.set}
Input{Vgb,Vds,Vgs}
Output{Cgs,Cgd,Cgb,Cgc,Cgg}
{Cgc}
[Vgs,Cgc(Vbs=0.0),Cgc(Vbs=-0.99),Vds=0.0,Ref_VS=0.0]
-1.2, 0.000000e+00, 0.000000e+00
-1.1, 0.000000e+00, 0.000000e+00
-1.0, 0.000000e+00, 0.000000e+00
-0.9, 0.000000e+00, 0.000000e+00
-0.8, 0.000000e+00, 0.000000e+00
-0.7, 0.000000e+00, 0.000000e+00
-0.6, 0.000000e+00, 0.000000e+00
-0.5, 0.000000e+00, 0.000000e+00
-0.4, 0.000000e+00, 0.000000e+00
-0.3, 0.000000e+00, 0.000000e+00
-0.2, 0.000000e+00, 0.000000e+00
-0.1, 0.000000e+00, 0.000000e+00
0.00, 0.000000e+00, 0.000000e+00
0.10, 0.000000e+00, 0.000000e+00
0.20, 0.000000e+00, 0.000000e+00
0.30, 0.000000e+00, 0.000000e+00
0.40, 0.000000e+00, 0.000000e+00
0.50, 0.000000e+00, 0.000000e+00
0.60, 0.000000e+00, 0.000000e+00
0.70, 0.000000e+00, 0.000000e+00
0.80, 0.000000e+00, 0.000000e+00
0.90, 0.000000e+00, 0.000000e+00
1.00, 0.000000e+00, 0.000000e+00
1.10, 0.000000e+00, 0.000000e+00
1.20, 0.000000e+00, 0.000000e+00
{Cgb}
[Vgb,Cgb(Vdb=0.0),Cgb(Vdb=0.6),Cgb(Vdb=1.2),Vds=0.0,Ref_VB=0.0]
-1.2, 0.000000e+00, 0.000000e+00, 0.000000e+00
-1.1, 0.000000e+00, 0.000000e+00, 0.000000e+00
-1.0, 0.000000e+00, 0.000000e+00, 0.000000e+00
-0.9, 0.000000e+00, 0.000000e+00, 0.000000e+00
-0.8, 0.000000e+00, 0.000000e+00, 0.000000e+00
-0.7, 0.000000e+00, 0.000000e+00, 0.000000e+00
-0.6, 0.000000e+00, 0.000000e+00, 0.000000e+00
-0.5, 0.000000e+00, 0.000000e+00, 0.000000e+00
-0.4, 0.000000e+00, 0.000000e+00, 0.000000e+00
-0.3, 0.000000e+00, 0.000000e+00, 0.000000e+00
-0.2, 0.000000e+00, 0.000000e+00, 0.000000e+00
-0.1, 0.000000e+00, 0.000000e+00, 0.000000e+00
0.00, 0.000000e+00, 0.000000e+00, 0.000000e+00
0.10, 0.000000e+00, 0.000000e+00, 0.000000e+00
0.20, 0.000000e+00, 0.000000e+00, 0.000000e+00
0.30, 0.000000e+00, 0.000000e+00, 0.000000e+00
0.40, 0.000000e+00, 0.000000e+00, 0.000000e+00
0.50, 0.000000e+00, 0.000000e+00, 0.000000e+00
0.60, 0.000000e+00, 0.000000e+00, 0.000000e+00
0.70, 0.000000e+00, 0.000000e+00, 0.000000e+00
0.80, 0.000000e+00, 0.000000e+00, 0.000000e+00
0.90, 0.000000e+00, 0.000000e+00, 0.000000e+00
1.00, 0.000000e+00, 0.000000e+00, 0.000000e+00
1.10, 0.000000e+00, 0.000000e+00, 0.000000e+00
1.20, 0.000000e+00, 0.000000e+00, 0.000000e+00
{Cgs}
[Vds,Cgs(Vgs=0.0),Cgs(Vgs=0.4),Cgs(Vgs=0.8),Cgs(Vgs=1.2),Vbs=0.0,Ref_VS=0.0]
0.0, 0.000000e+00, 0.000000e+00, 0.000000e+00, 0.000000e+00
0.1, 0.000000e+00, 0.000000e+00, 0.000000e+00, 0.000000e+00
0.2, 0.000000e+00, 0.000000e+00, 0.000000e+00, 0.000000e+00
0.3, 0.000000e+00, 0.000000e+00, 0.000000e+00, 0.000000e+00
0.4, 0.000000e+00, 0.000000e+00, 0.000000e+00, 0.000000e+00
0.5, 0.000000e+00, 0.000000e+00, 0.000000e+00, 0.000000e+00
0.6, 0.000000e+00, 0.000000e+00, 0.000000e+00, 0.000000e+00
0.7, 0.000000e+00, 0.000000e+00, 0.000000e+00, 0.000000e+00
0.8, 0.000000e+00, 0.000000e+00, 0.000000e+00, 0.000000e+00
0.9, 0.000000e+00, 0.000000e+00, 0.000000e+00, 0.000000e+00
1.0, 0.000000e+00, 0.000000e+00, 0.000000e+00, 0.000000e+00
1.1, 0.000000e+00, 0.000000e+00, 0.000000e+00, 0.000000e+00
1.2, 0.000000e+00, 0.000000e+00, 0.000000e+00, 0.000000e+00
{Cgd}
[Vds,Cgd(Vgs=0.0),Cgd(Vgs=0.4),Cgd(Vgs=0.8),Cgd(Vgs=1.2),Vbs=0.0,Ref_VS=0.0]
0.0, 0.000000e+00, 0.000000e+00, 0.000000e+00, 0.000000e+00
0.1, 0.000000e+00, 0.000000e+00, 0.000000e+00, 0.000000e+00
0.2, 0.000000e+00, 0.000000e+00, 0.000000e+00, 0.000000e+00
0.3, 0.000000e+00, 0.000000e+00, 0.000000e+00, 0.000000e+00
0.4, 0.000000e+00, 0.000000e+00, 0.000000e+00, 0.000000e+00
0.5, 0.000000e+00, 0.000000e+00, 0.000000e+00, 0.000000e+00
0.6, 0.000000e+00, 0.000000e+00, 0.000000e+00, 0.000000e+00
0.7, 0.000000e+00, 0.000000e+00, 0.000000e+00, 0.000000e+00
0.8, 0.000000e+00, 0.000000e+00, 0.000000e+00, 0.000000e+00
0.9, 0.000000e+00, 0.000000e+00, 0.000000e+00, 0.000000e+00
1.0, 0.000000e+00, 0.000000e+00, 0.000000e+00, 0.000000e+00
1.1, 0.000000e+00, 0.000000e+00, 0.000000e+00, 0.000000e+00
1.2, 0.000000e+00, 0.000000e+00, 0.000000e+00, 0.000000e+00
{Cgg}
[Vgs,Cgg(Vbs=0.0),Vds=0.0,Ref_VS=0.0]
-1.2, 0.000000e+00
-1.1, 0.000000e+00
-1.0, 0.000000e+00
-0.9, 0.000000e+00
-0.8, 0.000000e+00
-0.7, 0.000000e+00
-0.6, 0.000000e+00
-0.5, 0.000000e+00
-0.4, 0.000000e+00
-0.3, 0.000000e+00
-0.2, 0.000000e+00
-0.1, 0.000000e+00
0.00, 0.000000e+00
0.10, 0.000000e+00
0.20, 0.000000e+00
0.30, 0.000000e+00
0.40, 0.000000e+00
0.50, 0.000000e+00
0.60, 0.000000e+00
0.70, 0.000000e+00
0.80, 0.000000e+00
0.90, 0.000000e+00
1.00, 0.000000e+00
1.10, 0.000000e+00
1.20, 0.000000e+00
